2020-03-11 12:11:32
LIST_SENSOR 1 135 72 91 75 0 1 0 

2020-03-11 17:11:32
LIST_SENSOR 1 135 72 91 75 0 1 0 

2020-03-11 12:11:32
LIST_SENSOR 2 135 72 90 131 0 6 0 

2020-03-11 17:11:32
LIST_SENSOR 2 135 72 90 131 0 6 0 

2020-03-11 12:11:32
2020-03-11 17:11:32
LIST_SENSOR 3 135 72 116 36 0 11 0 

LIST_SENSOR 3 135 72 116 36 0 11 0 

2020-03-11 12:11:32
LIST_SENSOR 4 135 72 116 252 0 16 0 

2020-03-11 17:11:32
LIST_SENSOR 4 135 72 116 252 0 16 0 

2020-03-11 12:11:32
LIST_SENSOR 5 135 72 116 35 0 21 0 

2020-03-11 17:11:32
LIST_SENSOR 5 135 72 116 35 0 21 0 

2020-03-11 12:11:32
LIST_SENSOR 6 135 72 71 72 0 26 0 

2020-03-11 17:11:32
LIST_SENSOR 6 135 72 71 72 0 26 0 

2020-03-11 12:11:32
RECEIVERS_ID 0 0 0 0 0 0 0 0 

2020-03-11 17:11:32
RECEIVERS_ID 0 0 0 0 0 0 0 0 

2020-03-11 12:11:48
LIST_SENSOR 1 135 72 91 75 0 1 0 

2020-03-11 17:11:48
LIST_SENSOR 1 135 72 91 75 0 1 0 

2020-03-11 12:11:48
LIST_SENSOR 2 135 72 90 131 0 6 0 

2020-03-11 17:11:48
LIST_SENSOR 2 135 72 90 131 0 6 0 

2020-03-11 12:11:48
LIST_SENSOR 3 135 72 116 36 0 11 0 

2020-03-11 17:11:48
LIST_SENSOR 3 135 72 116 36 0 11 0 

2020-03-11 12:11:48
LIST_SENSOR 4 135 72 116 252 0 16 0 

2020-03-11 17:11:48
LIST_SENSOR 4 135 72 116 252 0 16 0 

2020-03-11 12:11:48
LIST_SENSOR 5 135 72 116 35 0 21 0 

2020-03-11 17:11:48
LIST_SENSOR 5 135 72 116 35 0 21 0 

2020-03-11 12:11:48
2020-03-11 17:11:48
LIST_SENSOR 6 135 72 71 72 0 26 0 

LIST_SENSOR 6 135 72 71 72 0 26 0 

2020-03-11 17:11:48
RECEIVERS_ID 0 0 0 0 0 0 0 0 

2020-03-11 12:11:48
RECEIVERS_ID 0 0 0 0 0 0 0 0 

